image_width: 320
image_height: 240
camera_name: head_camera
camera_matrix:
  rows: 3
  cols: 3
  data: [369.768424, 0.000000, 139.128316, 0.000000, 367.987689, 127.930859, 0.000000, 0.000000, 1.000000]
distortion_model: plumb_bob
distortion_coefficients:
  rows: 1
  cols: 5
  data: [0.043817, -0.378439, -0.000357, -0.006708, 0.000000]
rectification_matrix:
  rows: 3
  cols: 3
  data: [1.000000, 0.000000, 0.000000, 0.000000, 1.000000, 0.000000, 0.000000, 0.000000, 1.000000]
projection_matrix:
  rows: 3
  cols: 4
  data: [364.760345, 0.000000, 136.391762, 0.000000, 0.000000, 366.913361, 127.446788, 0.000000, 0.000000, 0.000000, 1.000000, 0.000000]
