image_width: 320
image_height: 240
camera_name: head_camera
camera_matrix:
  rows: 3
  cols: 3
  data: [363.208624, 0.000000, 156.344931, 0.000000, 363.749861, 144.763777, 0.000000, 0.000000, 1.000000]
distortion_model: plumb_bob
distortion_coefficients:
  rows: 1
  cols: 5
  data: [0.056859, -0.371144, 0.000571, 0.003055, 0.000000]
rectification_matrix:
  rows: 3
  cols: 3
  data: [1.000000, 0.000000, 0.000000, 0.000000, 1.000000, 0.000000, 0.000000, 0.000000, 1.000000]
projection_matrix:
  rows: 3
  cols: 4
  data: [361.013489, 0.000000, 156.396822, 0.000000, 0.000000, 362.516113, 127.446788, 0.000000, 0.000000, 0.000000, 1.000000, 0.000000]

