image_width: 320
image_height: 240
camera_name: head_camera
camera_matrix:
  rows: 3
  cols: 3
  data: [357.357484, 0.000000, 174.600869, 0.000000, 357.899268, 131.766830, 0.000000, 0.000000, 1.000000]
distortion_model: plumb_bob
distortion_coefficients:
  rows: 1
  cols: 5
  data: [0.059693, 0.055818, 0.002143, 0.010728, 0.000000]
rectification_matrix:
  rows: 3
  cols: 3
  data: [1.000000, 0.000000, 0.000000, 0.000000, 1.000000, 0.000000, 0.000000, 0.000000, 1.000000]
projection_matrix:
  rows: 3
  cols: 4
  data: [363.801727, 0.000000, 176.118069, 0.000000, 0.000000, 366.281525, 131.365056, 0.000000, 0.000000, 0.000000, 1.000000, 0.000000]
